   1         "t+uw"    9   20.452303  31.055708 105.782242
   2         "t-uw"    9   53.685623 123.604416  17.767790
   3           "sp"  192  608.807190
   4         "aw+t"    3   13.894607  12.967443   8.988530
   5         "aw-t"    3    2.999881   2.999881   6.114317
   6     "ay-ae+ng"   21   79.913147 100.163193  95.812881
   7         "l-uw"    9   28.047705 104.741402  14.145576
   8       "g-ah+l"   21   27.347582  84.444061  71.788742
   9       "k-ah+l"   21  101.735756 130.985565  55.702507
  10       "r-eh+d"    9   66.895859  37.979107  52.943943
  11         "th+r"    9   77.570244  42.263538  31.668596
  12      "th-r+iy"    9   10.032715   9.000918   9.003417
  13       "r-ey+s"    9   12.462323  52.280170  52.093273
  14       "z-uw+m"    6    7.000394  17.741459  11.281725
  15       "w-ah+n"    9   30.411249  17.788832  33.686489
  16      "ng-g+ah"   21   30.168520  27.738550  23.359041
  17       "d-r+ao"   27   28.838709  27.039377  30.574959
  18         "f+ih"   27  469.860809  74.315605 183.098236
  19         "w+ah"    9   36.392006  24.400383  20.940319
  20          "b+l"    9   90.502228  40.630131  36.057579
  21          "d+r"   27  445.726379 214.938766  76.938004
  22          "g+r"    9   92.739922  34.570484  14.835851
  23         "uw-m"    6   61.746502  36.752640 164.711899
  24      "r-ay+ae"   21  106.496788 169.235214 100.667625
  25         "eh-d"    9   36.522968  96.356720  22.742807
  26         "eh-r"   21   28.197973  21.115421  50.016808
  27          "s+k"   21   45.428432  96.988762 161.444931
  28          "t+r"   21   38.682144  58.700249  98.460297
  29          "sil"  138  2974.413086 608.807190 631.308533
  30         "ey-s"    9   34.960644  29.458803  24.354353
  31       "f-ih+l"   27   70.808495  85.324997  78.191879
  32       "k-w+eh"   21   58.315079  71.715935 111.294159
  33       "t-r+ay"   21   27.071846  21.154575  25.296730
  34        "s-k+w"   21  252.125046  91.329002  82.514290
  35       "b-l+uw"    9   18.733980   9.032519  13.658890
  36      "ae-ng+g"   21   71.998131 113.112656 104.772964
  37         "z+uw"    6  136.178406  33.559135  13.997988
  38       "r-iy+n"    9   64.774902  36.486923  50.237984
  39       "s-er+k"   21  220.455368 173.443573 164.343414
  40         "r+eh"    9   14.263206   9.287482  16.475641
  41       "w-eh+r"   21  133.870529  68.560448  64.672295
  42         "r-ao"   27   61.745461  50.534187  67.271370
  43         "r-iy"    9    9.133392  14.656593  92.045929
  44       "g-r+iy"    9   10.759336   9.059930  18.615889
  45         "s+er"   21   66.316391  92.292038 170.338409
  46         "ih+n"    3    3.000360   3.118771   4.911544
  47         "ih+r"    9   15.337606   9.489283  11.355284
  48         "ih-l"   27   47.903336  27.526957  61.016163
  49         "ih-n"    3   16.211374  11.308438 111.156906
  50      "ih-r+ey"    9   10.654414   9.397884  10.027141
  51         "ah-l"   42  117.954567  43.152943  96.800278
  52         "ah-n"    9   75.816170  59.157700 283.123749
  53      "er-k+ah"   21   62.414917  90.548157  51.627663
  54         "iy-n"    9   16.067621  29.059092 134.010544
